>
130.8831322617322   31.90781245345473 
130.883771607586    31.90802588116661 
130.8843054805532   31.90818543791768 
130.8847257208022   31.90838733707125 
130.8856136325843   31.90889336713791 
130.8861380560056   31.90921024209636 
130.8865449019824   31.90974775914783 
130.8868331312999   31.9102269232809  
130.8871840208603   31.91129203247928 
130.8871743758789   31.91224404138957 
130.8867432633197   31.91307626124687 
130.8861037348765   31.91389523592627 
130.8854127398229   31.91439591881689 
130.8845144049189   31.91487778042543 
130.8835987970127   31.91505952936109 
130.8828975164616   31.91502007875352 
130.8816398539978   31.91478591851338 
130.8806414619983   31.91424845055987 
130.8797612300219   31.9137433605441  
130.8793025934266   31.91318015369006 
130.8790428733394   31.91259065255418 
130.87887249341     31.91193010911343 
130.8788589438859   31.91119988450825 
130.8787394288128   31.91102096828209 
130.8787371097735   31.91042971485698 
130.8788605110157   31.91004818455701 
130.8792138182892   31.90974549741686 
130.8799878935076   31.90901112417152 
130.8806968737008   31.90846662997091 
130.8815335139122   31.90803201063052 
130.8821986584672   31.90779608289401 
130.8826350882052   31.90778971729828 
130.8830396958689   31.90779391048997 